huitongkuaidi	12	9806	0.9863
huitongkuaidi	13	3	0.0003	6902538004045	bxa0000079929	d900000126413
huitongkuaidi	14	133	0.0134
yuanchengwuliu	6	1	0.0095	111111
yuanchengwuliu	7	5	0.0476
yuanchengwuliu	8	30	0.2857
yuanchengwuliu	9	3	0.0286	007780219	007824546	007862191
yuanchengwuliu	10	66	0.6286
aae	9	14	0.7778
aae	10	4	0.2222
quanyikuaidi	9	3	0.0027	905458422	971961675	973660796
quanyikuaidi	12	1104	0.9973
gangzhongnengda	10	195	0.1690
gangzhongnengda	12	959	0.8310
tiantian	12	9992	1.0000
zhaijisong	9	54	0.0054
zhaijisong	10	9872	0.9946
datianwuliu	10	30	1.0000
ems	20	1	0.0001	11111111111111111111
ems	6	1	0.0001	117114
ems	7	1	0.0001	1111803
ems	8	1	0.0001	12345678
ems	10	5	0.0005
ems	11	4	0.0004
ems	12	170	0.0170
ems	13	9804	0.9817
yuantong	10	9730	0.9713
yuantong	12	287	0.0287
dpex	12	1	1.0000	556015572313
lianhaowuliu	12	31	1.0000
youzhengguonei	6	5	0.0005
youzhengguonei	12	1527	0.1554
youzhengguonei	13	8297	0.8441
yunda	13	10116	0.9997
yunda	14	3	0.0003	12011119405464	19005650054834	19005700164240
guotongkuaidi	8	1	0.0001	11857002
guotongkuaidi	10	9978	0.9999
quanfengkuaidi	8	3	0.0015	92428965	93100287	93374206
quanfengkuaidi	9	1	0.0005	vip402810
quanfengkuaidi	10	3	0.0015	1234567890	4001000001	7565224280
quanfengkuaidi	12	1996	0.9920
quanfengkuaidi	13	2	0.0010	5919469730068	6062986430086
quanfengkuaidi	14	7	0.0035
shenghuiwuliu	9	837	1.0000
longbanwuliu	12	3042	1.0000
youzhengguoji	10	10	0.0645
youzhengguoji	11	54	0.3484
youzhengguoji	12	52	0.3355
youzhengguoji	13	39	0.2516
xinbangwuliu	8	1091	1.0000
\n运单号码： 768275448399	10	1	1.0000	2014031618
rufengda	17	1	0.0001	13952741426448796
rufengda	18	9203	0.9247
rufengda	6	2	0.0002	540225	556842
rufengda	7	4	0.0004
rufengda	12	88	0.0088
rufengda	13	146	0.0147
rufengda	14	498	0.0500
rufengda	15	10	0.0010
debangwuliu	8	71	0.0091
debangwuliu	9	6915	0.8860
debangwuliu	10	819	0.1049
dhl	20	1	0.0006	jd014600000967975365
dhl	21	7	0.0043
dhl	10	1615	0.9951
\n您的货物已分配给陕西邮政快递，请等待陕西邮政快递的配送员为您送货，货运单号为：1115310224201【京东】	10	1	1.0000	2014011307
huiqiangkuaidi	11	3	0.0149	20000448524	20000539470	80003297640
huiqiangkuaidi	12	199	0.9851
kuaijiesudi	6	2	0.0003	123456	990026
kuaijiesudi	7	4	0.0005
kuaijiesudi	8	5	0.0007
kuaijiesudi	9	1	0.0001	123456789
kuaijiesudi	10	2	0.0003	1234567890	4008304888
kuaijiesudi	11	2	0.0003	88888888888	99001108970
kuaijiesudi	12	7296	0.9641
kuaijiesudi	13	256	0.0338
yafengsudi	10	17	0.0854
yafengsudi	11	179	0.8995
yafengsudi	12	2	0.0101	590035142414	590035272891
yafengsudi	13	1	0.0050	6901285991271
zhongtong	12	9971	1.0000
shunfeng	9	1	0.0001	210982560
shunfeng	12	10102	0.9999
tiandihuayu	8	1639	0.9156
tiandihuayu	9	74	0.0413
tiandihuayu	10	77	0.0430
553505	10	1	1.0000	2014020900
运单号	10	1	1.0000	2014030915
hengluwuliu	8	27	0.6923
hengluwuliu	9	1	0.0256	899036093
hengluwuliu	10	11	0.2821
xinfengwuliu	12	2112	1.0000
baifudongfang	6	1	0.0769	123456
baifudongfang	9	12	0.9231
ups	16	3	0.0089	1z13840443084590	1z83686694734832	1z99930486150564
ups	17	47	0.1395
ups	18	200	0.5935
ups	11	87	0.2582
tnt	9	160	0.7111
tnt	12	1	0.0044	ge235247875k
tnt	13	64	0.2844
minghangkuaidi	11	1	0.0625	47986373770
minghangkuaidi	12	15	0.9375
shentong	12	10032	1.0000
